0,0,0,0.079565,1.9757
0.08,0.079565,1.9757,0.31396,3.8707
0.16,0.31396,3.8707,0.69673,5.6851
0.24,0.69673,5.6851,1.2214,7.4189
0.32,1.2214,7.4189,1.8816,9.072
0.4,1.8816,9.072,2.6708,10.644
0.48,2.6708,10.644,3.5826,12.136
0.56,3.5826,12.136,4.6105,13.548
0.64,4.6105,13.548,5.748,14.878
0.72,5.748,14.878,6.9888,16.128
0.8,6.9888,16.128,8.3263,17.297
0.88,8.3263,17.297,9.7542,18.386
0.96,9.7542,18.386,11.266,19.394
1.04,11.266,19.394,12.855,20.321
1.12,12.855,20.321,14.515,21.168
1.2,14.515,21.168,16.24,21.934
1.28,16.24,21.934,18.023,22.62
1.36,18.023,22.62,19.857,23.224
1.44,19.857,23.224,21.736,23.748
1.52,21.736,23.748,23.654,24.192
1.6,23.654,24.192,25.605,24.555
1.68,25.605,24.555,27.581,24.837
1.76,27.581,24.837,29.577,25.039
1.84,29.577,25.039,31.585,25.16
1.92,31.585,25.16,33.6,25.2
2,33.6,25.2,35.615,25.16
2.08,35.615,25.16,37.623,25.039
2.16,37.623,25.039,39.619,24.837
2.24,39.619,24.837,41.595,24.555
2.32,41.595,24.555,43.546,24.192
2.4,43.546,24.192,45.464,23.748
2.48,45.464,23.748,47.343,23.224
2.56,47.343,23.224,49.177,22.62
2.64,49.177,22.62,50.96,21.934
2.72,50.96,21.934,52.685,21.168
2.8,52.685,21.168,54.345,20.321
2.88,54.345,20.321,55.934,19.394
2.96,55.934,19.394,57.446,18.386
3.04,57.446,18.386,58.874,17.297
3.12,58.874,17.297,60.211,16.128
3.2,60.211,16.128,61.452,14.878
3.28,61.452,14.878,62.59,13.548
3.36,62.59,13.548,63.617,12.136
3.44,63.617,12.136,64.529,10.644
3.52,64.529,10.644,65.318,9.072
3.6,65.318,9.072,65.979,7.4189
3.68,65.979,7.4189,66.503,5.6851
3.76,66.503,5.6851,66.886,3.8707
3.84,66.886,3.8707,67.12,1.9757
3.92,67.12,1.9757,67.2,-3.979e-14
0,67.2,0,67.187,-0.32928
0.08,67.187,-0.32928,67.148,-0.64512
0.16,67.148,-0.64512,67.084,-0.94752
0.24,67.084,-0.94752,66.996,-1.2365
0.32,66.996,-1.2365,66.886,-1.512
0.4,66.886,-1.512,66.755,-1.7741
0.48,66.755,-1.7741,66.603,-2.0227
0.56,66.603,-2.0227,66.432,-2.2579
0.64,66.432,-2.2579,66.242,-2.4797
0.72,66.242,-2.4797,66.035,-2.688
0.8,66.035,-2.688,65.812,-2.8829
0.88,65.812,-2.8829,65.574,-3.0643
0.96,65.574,-3.0643,65.322,-3.2323
1.04,65.322,-3.2323,65.057,-3.3869
1.12,65.057,-3.3869,64.781,-3.528
1.2,64.781,-3.528,64.493,-3.6557
1.28,64.493,-3.6557,64.196,-3.7699
1.36,64.196,-3.7699,63.891,-3.8707
1.44,63.891,-3.8707,63.577,-3.9581
1.52,63.577,-3.9581,63.258,-4.032
1.6,63.258,-4.032,62.933,-4.0925
1.68,62.933,-4.0925,62.603,-4.1395
1.76,62.603,-4.1395,62.271,-4.1731
1.84,62.271,-4.1731,61.936,-4.1933
1.92,61.936,-4.1933,61.6,-4.2
2,61.6,-4.2,61.264,-4.1933
2.08,61.264,-4.1933,60.929,-4.1731
2.16,60.929,-4.1731,60.597,-4.1395
2.24,60.597,-4.1395,60.267,-4.0925
2.32,60.267,-4.0925,59.942,-4.032
2.4,59.942,-4.032,59.623,-3.9581
2.48,59.623,-3.9581,59.309,-3.8707
2.56,59.309,-3.8707,59.004,-3.7699
2.64,59.004,-3.7699,58.707,-3.6557
2.72,58.707,-3.6557,58.419,-3.528
2.8,58.419,-3.528,58.143,-3.3869
2.88,58.143,-3.3869,57.878,-3.2323
2.96,57.878,-3.2323,57.626,-3.0643
3.04,57.626,-3.0643,57.388,-2.8829
3.12,57.388,-2.8829,57.165,-2.688
3.2,57.165,-2.688,56.958,-2.4797
3.28,56.958,-2.4797,56.768,-2.2579
3.36,56.768,-2.2579,56.597,-2.0227
3.44,56.597,-2.0227,56.445,-1.7741
3.52,56.445,-1.7741,56.314,-1.512
3.6,56.314,-1.512,56.204,-1.2365
3.68,56.204,-1.2365,56.116,-0.94752
3.76,56.116,-0.94752,56.052,-0.64512
3.84,56.052,-0.64512,56.013,-0.32928
3.92,56.013,-0.32928,56,7.1054e-16
0,56,0,55.934,-1.6464
0.08,55.934,-1.6464,55.738,-3.2256
0.16,55.738,-3.2256,55.419,-4.7376
0.24,55.419,-4.7376,54.982,-6.1824
0.32,54.982,-6.1824,54.432,-7.56
0.4,54.432,-7.56,53.774,-8.8704
0.48,53.774,-8.8704,53.015,-10.114
0.56,53.015,-10.114,52.158,-11.29
0.64,52.158,-11.29,51.21,-12.398
0.72,51.21,-12.398,50.176,-13.44
0.8,50.176,-13.44,49.061,-14.414
0.88,49.061,-14.414,47.871,-15.322
0.96,47.871,-15.322,46.612,-16.162
1.04,46.612,-16.162,45.287,-16.934
1.12,45.287,-16.934,43.904,-17.64
1.2,43.904,-17.64,42.467,-18.278
1.28,42.467,-18.278,40.981,-18.85
1.36,40.981,-18.85,39.453,-19.354
1.44,39.453,-19.354,37.886,-19.79
1.52,37.886,-19.79,36.288,-20.16
1.6,36.288,-20.16,34.663,-20.462
1.68,34.663,-20.462,33.016,-20.698
1.76,33.016,-20.698,31.353,-20.866
1.84,31.353,-20.866,29.679,-20.966
1.92,29.679,-20.966,28,-21
2,28,-21,26.321,-20.966
2.08,26.321,-20.966,24.647,-20.866
2.16,24.647,-20.866,22.984,-20.698
2.24,22.984,-20.698,21.337,-20.462
2.32,21.337,-20.462,19.712,-20.16
2.4,19.712,-20.16,18.114,-19.79
2.48,18.114,-19.79,16.547,-19.354
2.56,16.547,-19.354,15.019,-18.85
2.64,15.019,-18.85,13.533,-18.278
2.72,13.533,-18.278,12.096,-17.64
2.8,12.096,-17.64,10.713,-16.934
2.88,10.713,-16.934,9.3883,-16.162
2.96,9.3883,-16.162,8.1285,-15.322
3.04,8.1285,-15.322,6.9386,-14.414
3.12,6.9386,-14.414,5.824,-13.44
3.2,5.824,-13.44,4.79,-12.398
3.28,4.79,-12.398,3.842,-11.29
3.36,3.842,-11.29,2.9855,-10.114
3.44,2.9855,-10.114,2.2257,-8.8704
3.52,2.2257,-8.8704,1.568,-7.56
3.6,1.568,-7.56,1.0179,-6.1824
3.68,1.0179,-6.1824,0.58061,-4.7376
3.76,0.58061,-4.7376,0.26163,-3.2256
3.84,0.26163,-3.2256,0.066304,-1.6464
3.92,0.066304,-1.6464,7.1054e-15,3.1974e-14
0,0,0,0.079565,1.9757
0.08,0.079565,1.9757,0.31396,3.8707
0.16,0.31396,3.8707,0.69673,5.6851
0.24,0.69673,5.6851,1.2214,7.4189
0.32,1.2214,7.4189,1.8816,9.072
0.4,1.8816,9.072,2.6708,10.644
0.48,2.6708,10.644,3.5826,12.136
0.56,3.5826,12.136,4.6105,13.548
0.64,4.6105,13.548,5.748,14.878
0.72,5.748,14.878,6.9888,16.128
0.8,6.9888,16.128,8.3263,17.297
0.88,8.3263,17.297,9.7542,18.386
0.96,9.7542,18.386,11.266,19.394
1.04,11.266,19.394,12.855,20.321
1.12,12.855,20.321,14.515,21.168
1.2,14.515,21.168,16.24,21.934
1.28,16.24,21.934,18.023,22.62
1.36,18.023,22.62,19.857,23.224
1.44,19.857,23.224,21.736,23.748
1.52,21.736,23.748,23.654,24.192
1.6,23.654,24.192,25.605,24.555
1.68,25.605,24.555,27.581,24.837
1.76,27.581,24.837,29.577,25.039
1.84,29.577,25.039,31.585,25.16
1.92,31.585,25.16,33.6,25.2
2,33.6,25.2,35.615,25.16
2.08,35.615,25.16,37.623,25.039
2.16,37.623,25.039,39.619,24.837
2.24,39.619,24.837,41.595,24.555
2.32,41.595,24.555,43.546,24.192
2.4,43.546,24.192,45.464,23.748
2.48,45.464,23.748,47.343,23.224
2.56,47.343,23.224,49.177,22.62
2.64,49.177,22.62,50.96,21.934
2.72,50.96,21.934,52.685,21.168
2.8,52.685,21.168,54.345,20.321
2.88,54.345,20.321,55.934,19.394
2.96,55.934,19.394,57.446,18.386
3.04,57.446,18.386,58.874,17.297
3.12,58.874,17.297,60.211,16.128
3.2,60.211,16.128,61.452,14.878
3.28,61.452,14.878,62.59,13.548
3.36,62.59,13.548,63.617,12.136
3.44,63.617,12.136,64.529,10.644
3.52,64.529,10.644,65.318,9.072
3.6,65.318,9.072,65.979,7.4189
3.68,65.979,7.4189,66.503,5.6851
3.76,66.503,5.6851,66.886,3.8707
3.84,66.886,3.8707,67.12,1.9757
3.92,67.12,1.9757,67.2,-3.979e-14
