0,0,0,0.09367,0.92055
0.2,0.09367,0.92055,0.36176,1.7442
0.4,0.36176,1.7442,0.78489,2.471
0.6,0.78489,2.471,1.3437,3.1008
0.8,1.3437,3.1008,2.0187,3.6337
1,2.0187,3.6337,2.7907,4.0698
1.2,2.7907,4.0698,3.6402,4.4089
1.4,3.6402,4.4089,4.5478,4.6512
1.6,4.5478,4.6512,5.4942,4.7965
1.8,5.4942,4.7965,6.46,4.845
2,6.46,4.845,7.4258,4.7966
2.2,7.4258,4.7966,8.3722,4.6512
2.4,8.3722,4.6512,9.2798,4.4089
2.6,9.2798,4.4089,10.129,4.0698
2.8,10.129,4.0698,10.901,3.6337
3,10.901,3.6337,11.576,3.1008
3.2,11.576,3.1008,12.135,2.4709
3.4,12.135,2.4709,12.558,1.7442
3.6,12.558,1.7442,12.826,0.92055
3.8,12.826,0.92055,12.92,-5.9419e-15
4,12.92,7.1054e-15,12.652,-2.6305
4.2,12.652,-2.6305,11.886,-4.9842
4.4,11.886,-4.9842,10.677,-7.061
4.6,10.677,-7.061,9.0803,-8.8608
4.8,9.0803,-8.8608,7.1512,-10.384
5,7.1512,-10.384,4.9453,-11.63
5.2,4.9453,-11.63,2.5178,-12.599
5.4,2.5178,-12.599,-0.07584,-13.291
5.6,-0.07584,-13.291,-2.7802,-13.707
5.8,-2.7802,-13.707,-5.54,-13.845
6,-5.54,-13.845,-8.2998,-13.707
6.2,-8.2998,-13.707,-11.004,-13.291
6.4,-11.004,-13.291,-13.598,-12.599
6.6,-13.598,-12.599,-16.025,-11.63
6.8,-16.025,-11.63,-18.231,-10.384
7,-18.231,-10.384,-20.16,-8.8608
7.2,-20.16,-8.8608,-21.757,-7.0609
7.4,-21.757,-7.0609,-22.966,-4.9842
7.6,-22.966,-4.9842,-23.732,-2.6305
7.8,-23.732,-2.6305,-24,8.3062e-14
8,-24,0,-23.826,1.71
8.2,-23.826,1.71,-23.328,3.24
8.4,-23.328,3.24,-22.542,4.59
8.6,-22.542,4.59,-21.504,5.76
8.8,-21.504,5.76,-20.25,6.75
9,-20.25,6.75,-18.816,7.56
9.2,-18.816,7.56,-17.238,8.19
9.4,-17.238,8.19,-15.552,8.64
9.6,-15.552,8.64,-13.794,8.91
9.8,-13.794,8.91,-12,9
10,-12,9,-10.206,8.91
10.2,-10.206,8.91,-8.448,8.64
10.4,-8.448,8.64,-6.762,8.19
10.6,-6.762,8.19,-5.184,7.56
10.8,-5.184,7.56,-3.75,6.75
11,-3.75,6.75,-2.496,5.76
11.2,-2.496,5.76,-1.458,4.59
11.4,-1.458,4.59,-0.672,3.24
11.6,-0.672,3.24,-0.174,1.71
11.8,-0.174,1.71,5.6843e-14,1.4211e-13
12,5.6843e-14,1.4211e-13,-0.186,-1.89
12,-1.5987e-13,-1.1546e-14,0.09367,0.92055
12.2,0.09367,0.92055,0.36176,1.7442
12.4,0.36176,1.7442,0.78489,2.471
12.6,0.78489,2.471,1.3437,3.1008
12.8,1.3437,3.1008,2.0187,3.6337
13,2.0187,3.6337,2.7907,4.0698
13.2,2.7907,4.0698,3.6402,4.4089
13.4,3.6402,4.4089,4.5478,4.6512
13.6,4.5478,4.6512,5.4942,4.7965
13.8,5.4942,4.7965,6.46,4.845
14,6.46,4.845,7.4258,4.7965
14.2,7.4258,4.7965,8.3722,4.6512
14.4,8.3722,4.6512,9.2798,4.4089
14.6,9.2798,4.4089,10.129,4.0698
14.8,10.129,4.0698,10.901,3.6337
15,10.901,3.6337,11.576,3.1008
15.2,11.576,3.1008,12.135,2.471
15.4,12.135,2.471,12.558,1.7442
15.6,12.558,1.7442,12.826,0.92055
15.8,12.826,0.92055,12.92,8.1855e-14
16,12.92,8.1855e-14,12.82,-1.0174
