0.006253,0,0,0
0.6886,5.25,-58.75,42.25
0.86516,7,-57.5,42.5
1.0227,5.75,-57.75,42.75
1.1708,6.25,-57,42.75
1.3359,5,-57.5,44.25
1.4778,5.5,-58.75,43
1.6205,5.75,-58.75,44
1.7931,5.75,-57.75,42
1.9379,4.75,-58,43.25
2.0805,5.75,-58.25,43.75
2.2234,6.75,-58.75,43.5
2.3684,6,-56.75,44.25
2.5081,6.25,-58,43.25
2.6487,6.75,-57.25,43.75
2.7925,5,-59.25,42.75
2.9335,5.75,-58.25,40.75
3.1265,5.25,-58,43.75
3.2673,5.25,-57,43
3.413,6.25,-57.75,42
3.5552,6.75,-58,43
3.6965,6,-58.25,42.75
3.8567,5.75,-58.75,42.75
4.0086,5.75,-57.5,43.75
4.1499,5.75,-58.5,44
4.2969,6.5,-57.75,43
4.4425,5.5,-58.5,42.75
4.5894,4.75,-58.75,44.25
4.7365,5.75,-59.5,43.5
4.8775,5.5,-57.25,42
5.0209,6,-57.5,44.75
5.1643,5.5,-59.25,42.75
5.3146,5.25,-58.25,42.25
5.4565,5.5,-58.25,42.5
5.6053,5.25,-58.5,44.25
5.7537,6.25,-58.25,44.25
5.9215,5.5,-57.75,43
6.0663,5.75,-56.5,42.5
6.2092,4.75,-58.5,43
6.3529,4.5,-57.5,45
6.4966,6,-58,42.75
6.6396,6.25,-59.5,44.75
6.7854,5,-56.5,42.25
6.9381,6.5,-59,41.5
7.0905,4.5,-56.75,44.25
7.2303,5.25,-57.75,43.75
7.3702,5.5,-58,43.75
7.509,6,-59.25,42.25
7.6635,5.25,-57.25,42.75
7.8216,5.75,-58.5,43.5
7.9781,4.75,-58,42.25
8.1264,5.75,-59,42.5
8.2745,7,-59,43.25
8.4229,5.75,-57.25,43.5
8.5667,6,-57.5,42.75
8.709,4.5,-57.25,44.25
8.8968,5.25,-57.75,43
9.0395,7.5,-58.25,42
9.1824,5.25,-56,41.25
9.3304,4.75,-57,43.25
9.4757,5.25,-58.75,44
9.6197,4.5,-57.5,43.5
9.768,4.75,-58,44.25
9.9267,4.75,-57.5,43.5
10.075,6,-58,44.75
0,0,0,0
0,0,0,0
0,0,0,0
0,0,0,0
0,0,0,0
0,0,0,0
0,0,0,0
0,0,0,0
0,0,0,0
0,0,0,0
0,0,0,0
0,0,0,0
0,0,0,0
0,0,0,0
0,0,0,0
0,0,0,0
0,0,0,0
0,0,0,0
0,0,0,0
0,0,0,0
0,0,0,0
0,0,0,0
0,0,0,0
0,0,0,0
0,0,0,0
0,0,0,0
0,0,0,0
0,0,0,0
0,0,0,0
0,0,0,0
0,0,0,0
0,0,0,0
0,0,0,0
0,0,0,0
0,0,0,0
0,0,0,0
0,0,0,0
0,0,0,0
0,0,0,0
0,0,0,0
0,0,0,0
0,0,0,0
0,0,0,0
0,0,0,0
0,0,0,0
0,0,0,0
0,0,0,0
0,0,0,0
0,0,0,0
0,0,0,0
0,0,0,0
0,0,0,0
0,0,0,0
0,0,0,0
0,0,0,0
0,0,0,0
0,0,0,0
0,0,0,0
0,0,0,0
0,0,0,0
0,0,0,0
0,0,0,0
0,0,0,0
0,0,0,0
0,0,0,0
0,0,0,0
0,0,0,0
0,0,0,0
0,0,0,0
0,0,0,0
0,0,0,0
0,0,0,0
0,0,0,0
0,0,0,0
0,0,0,0
0,0,0,0
0,0,0,0
0,0,0,0
0,0,0,0
0,0,0,0
0,0,0,0
0,0,0,0
0,0,0,0
0,0,0,0
0,0,0,0
0,0,0,0
0,0,0,0
0,0,0,0
0,0,0,0
0,0,0,0
0,0,0,0
0,0,0,0
0,0,0,0
0,0,0,0
0,0,0,0
0,0,0,0
0,0,0,0
0,0,0,0
0,0,0,0
0,0,0,0
0,0,0,0
0,0,0,0
0,0,0,0
0,0,0,0
0,0,0,0
0,0,0,0
0,0,0,0
0,0,0,0
0,0,0,0
0,0,0,0
0,0,0,0
0,0,0,0
0,0,0,0
0,0,0,0
0,0,0,0
0,0,0,0
0,0,0,0
0,0,0,0
0,0,0,0
0,0,0,0
0,0,0,0
0,0,0,0
0,0,0,0
0,0,0,0
0,0,0,0
0,0,0,0
0,0,0,0
0,0,0,0
0,0,0,0
0,0,0,0
0,0,0,0
0,0,0,0
0,0,0,0
0,0,0,0
0,0,0,0
0,0,0,0
0,0,0,0
0,0,0,0
0,0,0,0
0,0,0,0
0,0,0,0
0,0,0,0
0,0,0,0
0,0,0,0
0,0,0,0
0,0,0,0
0,0,0,0
0,0,0,0
0,0,0,0
0,0,0,0
0,0,0,0
0,0,0,0
0,0,0,0
0,0,0,0
0,0,0,0
0,0,0,0
0,0,0,0
0,0,0,0
0,0,0,0
0,0,0,0
0,0,0,0
0,0,0,0
0,0,0,0
0,0,0,0
0,0,0,0
0,0,0,0
0,0,0,0
0,0,0,0
0,0,0,0
0,0,0,0
0,0,0,0
0,0,0,0
0,0,0,0
0,0,0,0
0,0,0,0
0,0,0,0
0,0,0,0
0,0,0,0
0,0,0,0
0,0,0,0
0,0,0,0
0,0,0,0
0,0,0,0
0,0,0,0
0,0,0,0
0,0,0,0
0,0,0,0
0,0,0,0
0,0,0,0
0,0,0,0
0,0,0,0
0,0,0,0
0,0,0,0
0,0,0,0
0,0,0,0
0,0,0,0
0,0,0,0
0,0,0,0
0,0,0,0
0,0,0,0
0,0,0,0
0,0,0,0
0,0,0,0
0,0,0,0
0,0,0,0
0,0,0,0
0,0,0,0
0,0,0,0
0,0,0,0
0,0,0,0
0,0,0,0
0,0,0,0
0,0,0,0
0,0,0,0
0,0,0,0
0,0,0,0
0,0,0,0
0,0,0,0
0,0,0,0
0,0,0,0
0,0,0,0
0,0,0,0
0,0,0,0
0,0,0,0
0,0,0,0
0,0,0,0
0,0,0,0
0,0,0,0
0,0,0,0
0,0,0,0
0,0,0,0
0,0,0,0
0,0,0,0
0,0,0,0
0,0,0,0
